-0
0.033682806404562
0.0701835074353291
0.109034688022235
0.146551008046145
0.179229642459575
0.206256012864651
0.2283761317893
0.246312153594417
0.261974557848815
0.279078373377299
0.300227773405919
0.324465426131237
0.348634981452997
0.370475780681523
0.390614239571274
0.411743941663412
0.435516794678348
0.461154753920696
0.487161437954069
0.512469951495398
0.536158884186863
0.558298813285641
0.580808178876176
0.605727859892372
0.632849716160804
0.659825817457976
0.684249561978615
0.705600657904704
0.725922487588765
0.748562315290858
0.775373714219918
0.805122097716262
0.835094091785009
0.863507110146205
0.890045724618844
0.91564385104218
0.941911261859076
0.969484847832344
0.997788079287902
1.02674375144724
1.05652162260357
1.08583911442972
1.11289907386695
1.13733262687943
1.15980852813949
1.18120920003267
1.20297678929403
1.22663202053546
1.25246675823304
1.2795135878858
1.30643657306062
1.33189599903767
1.35494689402284
1.37608914053897
1.39728604703574
1.42028038245551
1.44574598571148
1.47380695211089
1.50363748274452
1.53320002413303
1.56112022074083
1.58784682944309
1.61397174926808
1.63915922899164
1.66361081866185
1.68878103494082
1.71570449277421
1.74355545257467
1.77047072495604
1.7956462214029
1.82008442496002
1.84487599420915
1.86952859540355
1.8930478972385
1.916309398965
1.94197621507729
1.97143638695056
2.00303384189736
2.03436091488186
2.06492575105264
2.09530754731641
2.12499719625994
2.15256477527611
2.17738552531472
2.20005535000849
2.22125898143176
2.24124332006849
2.2609330685517
2.28278790954526
2.30920174867737
2.34013161747289
2.37318939756463
2.40545047967081
2.43480787101558
2.46112783158113
2.4865567725281
2.51341637209977
2.54172437800711
2.5696294104085
2.59608714427346
2.62239423997195
2.65094978865518
2.68277117189326
2.71639815494111
2.74926787859034
2.78020505159819
2.81053725603378
2.84247415932869
2.87632808036334
2.90967219056053
2.93913878956412
2.96319380658235
2.98382664389637
3.00487505401709
3.02806792122184
3.05193088804525
3.07450888092404
3.09565930175652
3.11740211894814
3.14281100544599
3.17317688601236
3.20650531825193
3.24008546760619
3.27303675027784
3.30539034909679
3.33674325916196
3.36672971447801
3.39573966008781
3.42457417197241
3.45330269008821
3.48105724216858
3.50762557252822
3.53426869915468
3.56227162971105
3.59180088530794
3.6224328795958
3.65378233466483
3.68542197012866
3.71637814613217
3.74493956277376
3.76975487278217
3.79123650874429
3.81131796547854
3.83183644084293
3.85305507964276
3.87298568162762
3.8876344076032
3.89236087815385
3.8841033521983
3.86324872593686
3.83369612676942
3.80055197861493
3.766945241529
3.73319027793613
3.69889504977795
3.66449139421605
3.63039810649367
3.5960231020979
3.56028561679349
3.52302136064607
3.48594794220785
3.45203049704108
3.4229746367941
3.39652499328057
3.36705122103968
3.33071344994063
3.28990028425473
3.25101469090192
3.21862145279726
3.19285135280255
3.17082363327461
3.14860335400791
3.12241635872254
3.09044291592675
3.05438086384093
3.01801232547178
2.98416800946492
2.95361260959434
2.92551659476462
2.89829731550533
2.87116083976661
2.84491163447883
2.82027910177615
2.79575626431306
2.76809271953299
2.73504567839646
2.69745460258033
2.65883402415289
2.6228550160538
2.59066545111656
2.56036747497633
2.52936581895853
2.49747038120811
2.46706912865233
2.43999756472241
2.41548265662942
2.39135417393142
2.3659176485733
2.33875769016606
2.31070439538856
2.28269041162023
2.25449429011175
2.22559382504331
2.196760753395
2.16891460313336
2.14111602019235
2.11193789907328
2.08195437485852
2.05284128266841
2.02487804603599
1.99686853307397
1.96787528324535
1.93838946771533
1.91046064422236
1.88634482559612
1.86592422547305
1.84591408006305
1.82261141606263
1.79512323651353
1.7652364099939
1.73457201239659
1.70312911048447
1.67071961511993
1.63819124257498
1.6065677128607
1.57636125089192
1.54815081091286
1.52227043588151
1.49746824986002
1.47149528599751
1.44376462634511
1.41611418908541
1.39020545516525
1.36567470077678
1.34185427335024
1.319357819438
1.29842349246087
1.27735147591165
1.25375875437021
1.22649529558303
1.19655136656055
1.16686698517112
1.14026094594974
1.11668661769424
1.09324777812915
1.06730773690177
1.03897844048419
1.01030791436442
0.98282080853059
0.956865296893738
0.93288609256037
0.911533007093958
0.892154944497912
0.872798268821658
0.852133281311496
0.83007124576743
0.806580083190973
0.78151023579431
0.755757292893848
0.731297465361832
0.709520395769953
0.689936168555087
0.67083685126939
0.651032767069625
0.630451950146034
0.608958513497637
0.585103825922973
0.556838574926985
0.524221819690837
0.491199986678883
0.463522044366964
0.444240500905937
0.431205775074521
0.418481423647017
0.399911298587489
0.372655348087386
0.338908415406994
0.303898232055721
0.271657158801587
0.243438663949143
0.21964030677105
0.200776320279438
0.185518413764237
0.169418418123761
0.147848362067256
0.120727897595421
0.0926730406215823
0.0677480212156259
0.0459381193960284
0.0253260369133571
0.00546798514976149
-0.0125558208397118
-0.0283522911536623
-0.043044418665477
-0.0576390301880431
-0.0722757578198319
-0.0879315042236462
-0.106608456069881
-0.128369047192456
