-0
0.0429844015977543
0.0992201452323987
0.154859873822052
0.211470601782206
0.267169411901846
0.323514473316525
0.379320520976781
0.435644726122659
0.491337400619733
0.547760651044063
0.603863629933374
0.659836903181937
0.715859741115241
0.77195157160103
0.827854603326115
0.88414285825991
0.940497307623027
0.9961558830186
1.05271836953636
1.10825908289512
1.16426934059913
1.22057461164727
1.27697579623177
1.33253097136704
1.38899858806161
1.44460151525206
1.50112889066763
1.55662094713629
1.61327769415708
1.66899816577734
1.72531616342779
1.78103288597718
1.83743838020974
1.89296827785478
1.94952095796616
2.00555321650347
2.06173653106297
2.11755953653867
2.17374342838453
2.22952174336173
2.28584381204838
2.34244787204075
2.39794613081637
2.45424940542028
2.51014918006435
2.56621283028431
2.62212626903562
2.67878434273837
2.73430984656952
2.79079484597139
2.84649537616801
2.90265821271585
2.95842196152361
3.01504687617994
3.07091878929256
3.12711843241583
3.18294482456152
3.23923023966515
3.29476087020316
3.351332646512
3.40757053947337
3.4635377503831
3.51973909865681
3.57556777410413
3.6315931099038
3.68763577201601
3.74430199931472
3.79973034145605
3.85595699324436
3.91186486421221
3.96776548263427
4.02390298435113
4.08054366195965
4.13613444657127
4.192598100111
4.24818245200922
4.30425075183833
4.36023118717182
4.41680355277697
4.47270657928324
4.528914738465
4.58477054476316
4.64102334332544
4.6967354612225
4.75317869994354
4.80929169113315
4.86522167827149
4.92109337826551
4.97734390422104
5.03358901674374
5.08943502889375
5.14603010662164
5.20151672872526
5.25753586557154
5.31369040581426
5.36970383731139
5.42574410677743
5.48225348432063
5.53784805508574
5.59429581900073
5.64994921092621
5.70631075581281
5.76214002196577
5.81866453057096
5.8744410974422
5.9306982304859
5.98634442440187
6.042753640397
6.09875324958962
6.15494022490231
6.21103236403204
6.26701368625341
6.32285182992996
6.37913843463756
6.4347121612872
6.49121163824734
6.54759087072626
6.60333647961182
6.659337665714
6.71543988293556
6.77146542592157
6.82755823456904
6.88417135203782
6.93974928874146
6.99614625894728
7.05181478752473
7.10816965747133
7.16404315579056
7.22047160194054
7.27614024814124
7.33249187138276
7.38814231919238
7.44458883680253
7.50008931041096
7.55674489637588
7.61270866507609
7.66881905578725
7.72461400346146
7.78092818045642
7.83660616127262
7.893031926992
7.94916000698417
8.00513554817752
8.06114671184316
8.11722118256287
8.17325006741475
8.2292040429976
8.2472046974599
8.24722161744893
8.24770414136904
8.20082321554961
8.14448805968644
8.08881259605996
8.03219318689212
7.97669377217619
7.92014471306102
7.86456091515091
7.80804689204004
7.75248939662829
7.69593016049662
7.64013408203685
7.58382164063547
7.52833183616944
7.47172294679315
7.4160277433442
7.35957869327155
7.3034845665474
7.24751284641466
7.19171067275008
7.13533843364266
7.07917621969392
7.02330601982421
6.96701893905942
6.91112674124728
6.85521107811003
6.79908851544466
6.74260684841953
6.68700347596894
6.6304398681071
6.57488966285696
6.5183603988066
6.46279913721357
6.40662523668678
6.35049456433293
6.29407881661418
6.23835097518051
6.18202277647982
6.126521063251
6.06999345864954
6.01411227352029
5.95779719984638
5.90180971581826
5.84572967537202
5.79012045172646
5.73361663917555
5.67720469731394
5.62150911662933
5.56528804682875
5.50940689599298
5.45341820910194
5.39730597507378
5.34144633074187
5.28518830180105
5.22866663221339
5.17298456876435
5.11692938275241
5.06104417582724
5.00476118637649
4.94872548361388
4.89227103550068
4.83652846697729
4.780253101966
4.72479197662576
4.66818211463094
4.61212399799369
4.55602571542991
4.50002796532253
4.44392440335679
4.38803455525268
4.33181798199201
4.27620102370488
4.21972043194429
4.16373975796067
4.10760213258036
4.05158054390942
3.9955697347842
3.93928845949261
3.88334899109217
3.8267776189627
3.77128462521917
3.71532809440038
3.65914997740845
3.60279502234566
3.54692560953858
3.49049947872691
3.43481708482934
3.3784439166509
3.32266551359145
3.26633502424111
3.21032279518888
3.15421836598863
3.09834041226318
3.04212515480702
2.98649307679793
2.93003219750311
2.87416298966216
2.81792219750189
2.76177051901548
2.7057982649753
2.64999288315554
2.59372377009151
2.53741003950894
2.48154213284854
2.42507010905858
2.36950699218503
2.31356107467018
2.25739320216048
2.20086923944817
2.14518572435068
2.08874909931618
2.03318730612855
1.97674213278006
1.92100506262503
1.86449931935313
1.80873688625163
1.75244887994516
1.69662062589442
1.64031948030818
1.58468827346879
1.52824198038499
1.47234911955882
1.41604217949978
1.36006679867198
1.30403333270971
1.2482802837535
1.19192350289956
1.13543096749395
1.07969984233518
1.02347976774061
0.967706516396311
0.911676979629747
0.855603786038563
0.798975756253112
0.743433287732901
0.687065670047227
0.63141180959067
0.57498602576629
0.519361682094509
0.462834867182563
0.407021844765055
0.350651942190022
0.294853208031286
0.238528511688177
0.183047650545513
0.126430358711816
0.0704102422593535
0.0147176840737959
-0.00277535858728274
-0.00277777777777778
