0.097521679525197
0.0492498170106091
0.0315415973049879
0.0377627972602248
0.0369765903501524
0.0320024664042853
0.0332589959234128
0.0377798656486338
0.0438327591317176
0.0520303160155692
0.05569105493703
0.0518878512364428
0.0457012285733163
0.0418912904942995
0.0393910786264156
0.0364560237956421
0.0330120203505251
0.0315529683778897
0.0324563750004671
0.0324595074920445
0.0333478950344319
0.0375714322255976
0.042805789376342
0.0472742400259437
0.0515652422962592
0.0560323043195116
0.0590305830823094
0.0584936986917645
0.0552779523372146
0.0546464832992787
0.0585751219093119
0.0590675813243315
0.0492728760829229
0.0344478461547361
0.0294138057834925
0.0347082507262463
0.0396181887784441
0.0394584937916023
0.0327443172254769
0.0267068016456467
0.0336011582296554
0.044240629560857
0.0501596328635352
0.0540781346137921
0.0587566435913102
0.0620529868658385
0.06163007148416
0.0575653285693037
0.0519354920903779
0.0462465115618034
0.041248650363497
0.037108472924165
0.0331700793143746
0.0311603085852056
0.0336916363828335
0.0400728944259631
0.0458841705686425
0.0478390232480929
0.0475745377206837
0.0478948931536397
0.049237280387545
0.0515104690352467
0.0550511644260018
0.0582148550771359
0.058197674017839
0.0541823274474523
0.048233428295806
0.0436842218916545
0.0423370499670546
0.0458430248681033
0.0532656400269151
0.0590259606332709
0.0594945056296753
0.0552262487518384
0.0495503119890807
0.0460463028191377
0.0463560810257478
0.0517298009981574
0.0615252444486319
0.0694016895200153
0.0698089025636788
0.0652224524491531
0.0618317924359276
0.061241548953488
0.0610720283935785
0.0576781967057302
0.0495467166771499
0.0416867467205142
0.0379526864130305
0.0350486152578758
0.0360774707366671
0.0447914735578596
0.0538830200597565
0.0581731729319686
0.058661017839231
0.0589050828292731
0.0623427985896159
0.0688172238393828
0.0742299351168121
0.0766047597436692
0.0767041568105487
0.074012086126889
0.068673071646615
0.0635783161186458
0.060288895763197
0.05759916978052
0.0549013485592287
0.0538325945984761
0.0558317934043857
0.0588686362795733
0.0611499304504311
0.0641137828695533
0.0696065518439569
0.0763849178384632
0.080042797581492
0.0772753278686642
0.0691878832639088
0.0595594033714681
0.050921492258233
0.0439054250756879
0.0396638631133858
0.0400982538994004
0.0421205690429886
0.0407915057946522
0.0378308343433481
0.0387356055497948
0.0425655433950183
0.0465075139091359
0.049863526591935
0.0519599734214247
0.0534618826883589
0.0541246264564299
0.0526617087924478
0.0500180866389283
0.0494430108711885
0.0520855246907738
0.0553848212306228
0.0576221803232972
0.0600366872319363
0.0627203704043238
0.0635710154258862
0.0629939984768721
0.0631857084339944
0.0647035282924663
0.0678594732942038
0.072665574019096
0.0761995684845902
0.0759781164264481
0.0736865139420354
0.0727732922904935
0.0739132024322348
0.0752401409526917
0.0756804328126402
0.0747070735753802
0.0720842074569551
0.0696587044477077
0.0704867478188257
0.0748842808073048
0.0793074537170542
0.0814227898063584
0.0823553314255976
0.0824217405455537
0.0802862379643909
0.0759908928064843
0.0709520272414425
0.0663576549884397
0.0627177829477626
0.0607260725342281
0.0603559523170632
0.0611238910337489
0.0615886349085573
0.0598297849756529
0.0566717372710752
0.055611351725667
0.0573340355658663
0.0589495116972804
0.0595677549071716
0.0598346603973081
0.0593425669464622
0.0586557341363165
0.0601610071002188
0.0650160423041477
0.0715706929790526
0.0765168724948642
0.0776660668290927
0.0764970479822952
0.0763712207099956
0.0790243884282678
0.0846306180857494
0.0910261153772111
0.0939722251033147
0.0908051278485994
0.0825554672604226
0.0727601013229251
0.0651022583460774
0.0619213271164714
0.0613293454072445
0.0591555960523573
0.0561158939252554
0.0561206997490953
0.059203805546209
0.0626552094071343
0.0652559299270082
0.0660409782253596
0.0640926591982837
0.0608549682509545
0.0586183252056776
0.0573194865703166
0.0557369020774366
0.0548220178759325
0.0569239704457435
0.061243653614206
0.0657088254399771
0.0711915048590349
0.0763444664182446
0.0759381600783356
0.0681712775364928
0.0578180821915665
0.052984321695847
0.0584124467133766
0.070631313996202
0.0814739246926986
0.0855124607683417
0.0821167349861851
0.0739528318833294
0.0660684937775766
0.0620043559050408
0.0613933785856001
0.063420163383697
0.0666371491752768
0.0684684024725484
0.0675889129790642
0.064892287773429
0.0623340932330295
0.0619756242261806
0.0630278232064838
0.0624512941572922
0.0622736567159464
0.0676514572133029
0.075143352007209
0.0773635398540694
0.0724036300449474
0.0629316334430592
0.0549760591794185
0.0542777204369105
0.0578330949791763
0.0601693576430148
0.062594979775868
0.0687549372065932
0.0760217185839692
0.0793606385603841
0.0787864575673326
0.0782723990038444
0.0795974101301058
0.0821425149358231
0.0853955130802192
0.0871321058317119
0.0846958573306128
0.0773718153040161
0.0659921651521778
0.0538949086476545
0.0469748296167425
0.0479772790615161
0.0539256861239549
0.0598251089948094
0.0615199568797853
0.0593374931169178
0.0586939555850465
0.0642102027899252
0.0732483622797593
0.0799507657534248
0.0820408938291107
0.081765899147614
0.0817608279882382
0.0818024881361466
0.0795626124773393
0.0737855347855777
0.0661387266905554
0.0593205599986296
0.0556093036815183
0.0570579954373888
0.0637639829780773
0.0710246914631928
0.0738648621403427
0.0722077540792277
0.0695039861821932
0.0684071219966975
0.0685364338743257
0.0679566933970578
0.0657387647850705
0.0639395033630975
0.0644904862980241
0.0665404340981799
0.0698684313056038
0.0745526329224688
0.0790295595068387
0.0810848008972299
0.0805248413232561
0.0860452640630011
0.111112545498864
